z=[(2+4j) -2j; -2j (3j-8j)]
v1=[10; 0]
v2=[0; 10]
v=[10; 10]

I=z\v

i1=z\v1
i2=z\v2

i1(2,1)+i2(2,1)
