z=[30 30+100;30+100 100]
v=[0;(300/13)]
I=z\v

il=-I(1,1)
